4.383900166
4.296490192
3.801009893
3.371979952
3.044909954
3.47961998
3.590889931
3.371249914
3.332740068
3.409240007
3.416150093
3.443340063
3.348959923
3.269449949
3.279839993
2.824300051
2.935450077
2.919120073
3.186089993
3.294929981
3.303489923
3.181760073
3.086750031
3.120759964
3.181440115
3.179480076
3.118690014
3.248899937
3.100909948
3.092129946
3.09581995
2.971390009
2.956680059
2.826499939
2.727119923
2.72555995
2.866729975
2.862430096
2.754120111
2.602410078
2.562380075
2.382999897
2.487529993
2.397979975
2.384710073
2.270319939
2.134550095
2.105750084
2.129509926
2.278079987
2.310169935
2.30031991
2.286710024
2.866709948
2.924099922
3.117170095
2.874579906
2.823280096
2.859999895
3.019779921
2.747669935
2.794719934
2.980540037
2.948790073
2.834719896
2.615089893
2.725800037
2.431349993
2.516629934
2.656610012
2.609200001
2.6129601
2.811019897
2.726350069
2.789129972
2.899859905
2.907969952
2.98251009
3.098939896
3.145109892
2.886780024
2.962340117
2.859590054
2.91602993
2.887550116
2.988110065
2.943039894
2.974829912
2.902689934
2.879950047
2.977790117
2.963140011
2.985919952
2.86868
2.909919977
2.843470097
2.964139938
3.00921011
2.830760002
2.823879957
2.755739927
2.704780102
2.678970098
2.561609983
2.694299936
2.64989996
2.739170074
2.727380037
2.761850119
2.717230082
2.819339991
2.797780037
2.822679996
2.78166008
2.695339918
2.752530098
2.720779896
2.689009905
2.593640089
2.565589905
2.573009968
2.522289991
2.545710087
2.664459944
2.583830118
2.584189892
2.558059931
2.604099989
2.813630104
2.754909992
2.690409899
2.705229998
2.727619886
2.727780104
2.644109964
2.71717
2.695879936
2.672600031
2.541759968
2.639990091
2.633080006
2.601599932
2.555779934
2.617630005
2.477279902
2.510370016
2.529459953
2.471139908
2.468650103
2.370790005
2.391720057
2.400010109
2.248130083
2.297699928
2.35277009
2.422859907
1.965319991
2.168469906
2.198329926
2.145499945
2.167200089
2.098320007
1.980720043
1.923760056
2.026760101
2.065599918
2.122479916
2.128580093
2.054399967
1.96073997
1.920150042
1.914409995
1.902709961
1.884549975
1.929440022
1.822100043
1.697340012
2.050780058
2.269730091
2.176810026
2.212949991
2.129410028
2.176110029
2.12770009
2.293100119
2.360280037
2.453540087
2.701479912
2.883820057
3.081389904
3.038520098
3.386250019
4.389830112
4.605060101
4.215139866
3.932499886
4.003119946
3.981650114
4.114439964
4.286039829
4.208759785
4.30095005
4.089429855
9.371419907
8.02670002
7.976200104
9.348239899
10.12899971
10.61100006
10.4059
12.2663002
20.35320091
39.03639984
43.39350128
37.73989868
40.46749878
34.73559952
33.17789841
39.78850174
44.73450089
37.74940109
29.83530045
23.29299927
27.27449989
31.56529999
36.28820038
30.97520065
31.58580017
31.20459938
30.37520027
31.27750015
24.63839912
21.97109985
13.39159966
19.90769958
17.56550026
16.7343998
16.85519981
17.89249992
17.6378994
21.14850044
24.75670052
23.27230072
22.56270027
24.06509972
24.37759972
24.34700012
24.61540031
25.75670052
24.81539917
25.10630035
26.82970047
29.21710014
23.25
24.38829994
24.43190002
24.92539978
26.78790092
25.09379959
24.26860046
24.09819984
25.21579933
24.45890045
23.70599937
24.55319977
25.44070053
25.20100021
24.7336998
23.65119934
22.38409996
20.72380066
23.08160019
24.12389946
20.01759911
21.54780006
21.92200089
21.68790054
22.13400078
22.47130013
22.40049934
21.90559959
21.46050072
20.77770042
19.90810013
18.5352993
18.08469963
18.21789932
17.73500061
17.46310043
16.95009995
15.2901001
16.40509987
16.16550064
15.20489979
15.48700047
15.61970043
15.73180008
13.97529984
13.89089966
14.94029999
15.49489975
14.54850006
13.82400036
14.2276001
14.29209995
13.22850037
13.6480999
12.74499989
14.27219963
17.07279968
16.33769989
16.45549965
15.85140038
15.40799999
15.99750042
16.00580025
16.13780022
17.18300056
17.02400017
16.58690071
16.90229988
17.3484993
17.31480026
19.4204998
17.23690033
16.46990013
15.69839954
15.70670033
15.35999966
16.18650055
16.2996006
16.27459908
12.47729969
13.74409962
13.45059967
13.13770008
12.74569988
13.13230038
11.29209995
11.05080032
11.02439976
11.19499969
11.64309978
11.26060009
11.36130047
11.18809986
8.459589958
10.94680023
10.66419983
10.31190014
11.51780033
13.24740028
13.37460041
12.5170002
12.05749989
12.82250023
12.62300014
12.49750042
12.06620026
12.12650013
12.55410004
10.79129982
10.57339954
9.915860176
10.13210011
10.40040016
10.90260029
11.09819984
10.50199986
10.3100996
10.32050037
10.18099976
10.32979965
10.51200008
10.44610023
10.7493
10.73499966
10.35700035
10.40909958
10.42150021
10.43319988
10.45230007
10.41310024
10.34780025
10.36050034
10.30459976
10.63430023
10.5927
10.66870022
11.22830009
11.09570026
11.52770042
11.5600996
11.14820004
11.0333004
10.78250027
11.25020027
10.93089962
11.13869953
11.3572998
11.48250008
11.06110001
11.29430008
11.2031002
11.10890007
11.27110004
11.18029976
11.10809994
10.94110012
10.17070007
10.2475996
9.925999641
9.939579964
9.710339546
9.659890175
9.681920052
9.990929604
9.830209732
9.832969666
9.773050308
9.718319893
9.626259804
9.191029549
9.091329575
9.247520447
9.192830086
8.957859993
8.94742012
7.79418993
8.163720131
8.030059814
7.343379974
7.283100128
7.112020016
7.561759949
7.730989933
7.792590141
7.792600155
7.853970051
8.619449615
8.897910118
8.61977005
8.558239937
8.315290451
8.65816021
8.724849701
8.609840393
8.462089539
8.586549759
8.56692028
8.459190369
7.793069839
7.554800034
7.603479862
7.753540039
7.588230133
7.65241003
7.263850212
7.537529945
7.701849937
7.625329971
7.537640095
7.413899899
7.266789913
7.184350014
7.176080227
7.062280178
6.944409847
6.946219921
6.057869911
5.651519775
5.042449951
5.043799877
5.048590183
4.978320122
4.332029819
3.713570118
4.67193985
5.449960232
5.795479774
5.247330189
4.901760101
5.451240063
5.207870007
5.538740158
5.385230064
5.277040005
5.360030174
5.226240158
4.858290195
4.713039875
4.818600178
4.871550083
5.175930023
4.96420002
4.984049797
5.156040192
5.096169949
5.065229893
5.342949867
5.451859951
5.382480145
5.448500156
5.404829979
5.176650047
5.074910164
5.058549881
4.685229778
4.327770233
4.286439896
4.245920181
4.242350101
4.74657011
4.666790009
4.514649868
4.433589935
4.421800137
4.233230114
4.246789932
4.474730015
4.42855978
4.322659969
4.175119877
3.938199997
3.699140072
3.822370052
3.858629942
3.907890081
3.900660038
3.807389975
3.772660017
3.850330114
3.861779928
4.075910091
4.056419849
3.990890026
3.99326992
4.055759907
3.988940001
3.909830093
3.940010071
3.843319893
3.739650011
3.747529984
3.667550087
3.727180004
3.807310104
3.846070051
3.72694993
3.785860062
3.753999949
3.570590019
3.585099936
3.578059912
3.59175992
3.644850016
3.649559975
3.557369947
3.556260109
3.631459951
3.695630074
3.675889969
4.068610191
4.097660065
3.989370108
3.854330063
3.883630037
3.877439976
3.77015996
3.80746007
3.611550093
3.496929884
3.523289919
3.594360113
3.628550053
3.567500114
3.560460091
3.559880018
3.603859901
3.586280107
3.576090097
3.577140093
3.631099939
3.612020016
3.59262991
3.618230104
3.614520073
3.711159945
3.653199911
3.521169901
3.499860048
3.481080055
3.486710072
3.476069927
3.480479956
3.450779915
3.015259981
2.940229893
2.805569887
2.869110107
2.923579931
2.850389957
2.88579011
2.881959915
2.738339901
2.699450016
2.781689882
2.71694994
2.733040094
2.694819927
2.70401001
2.718930006
2.69904995
2.667360067
2.133160114
1.956680059
2.082180023
2.112119913
2.118180037
2.008069992
1.983360052
1.653319955
1.724560022
1.714229941
1.541120052
1.157009959
1.282770038
1.402269959
1.293409944
1.333330035
1.341779947
1.323549986
1.37330997
1.418750048
1.42595005
1.843799949
2.248300076
2.081049919
2.086080074
1.872020006
1.915670037
1.897629976
1.87349999
1.803519964
1.876180053
1.821760058
1.792350054
1.741230011
1.759410024
1.781720042
1.783589959
1.731469989
1.763180017
1.72744
1.757560015
1.82167995
1.93769002
1.842000008
1.796280026
1.853119969
1.828160048
1.846760035
1.847949982
1.848909974
1.796200037
1.820410013
1.829319954
1.802340031
1.81013
1.851420045
1.840729952
1.891569972
1.936100006
1.955919981
1.930500031
1.916409969
1.897819996
1.91050005
1.891860008
1.944280028
2.009059906
2.026279926
2.042789936
2.007960081
1.99605
2.018830061
2.033080101
1.982149959
1.742540002
1.759089947
1.767210007
1.746690035
1.797719955
1.778159976
1.65158999
1.673140049
1.695490003
1.686740041
1.703660011
1.655679941
1.669579983
1.65260005
1.664630055
1.677809954
1.698510051
1.687849998
1.700819969
1.686869979
1.668419957
1.627500057
1.585940003
1.527040005
1.459110022
1.462470055
1.376899958
1.378479958
1.383000016
1.421450019
1.409129977
1.409929991
1.389170051
1.408959985
1.423879981
1.454190016
1.461750031
1.419280052
1.402909994
1.321169972
1.383479953
1.36401999
1.361320019
1.439839959
1.406589985
1.421530008
1.432700038
1.407660007
1.406640053
1.388900042
1.455180049
1.481080055
1.448310018
1.438740015
1.437330008
1.445619941
1.45141995
1.44777
1.454290032
1.446130037
1.454139948
1.446370006
1.453189969
1.459190011
1.478060007
1.832299948
1.786460042
1.831169963
1.80332005
1.817309976
1.845020056
1.840749979
1.831349969
1.813120008
1.637079954
1.616009951
1.669970036
1.687180042
1.668349981
1.760570049
1.759809971
1.730530024
1.786460042
1.795819998
1.759240031
1.792160034
1.802189946
1.861529946
2.002870083
2.018249989
2.876590014
2.8886199
3.095069885
2.807300091
3.035909891
3.022360086
3.028460026
2.974529982
2.778630018
2.850330114
2.860239983
3.103169918
3.305819988
3.736500025
4.086760044
3.924269915
4.065370083
4.115310192
4.113530159
4.952720165
5.417230129
5.234630108
6.361120224
7.536940098
4.505219936
4.373819828
5.287250042
4.679900169
4.649889946
4.21408987
3.689779997
3.786809921
4.001880169
3.766109943
3.93859005
3.766210079
3.823659897
3.784440041
4.601830006
4.631989956
4.662320137
4.671370029
5.058400154
4.797679901
4.578030109
4.641039848
4.15320015
4.174910069
4.16218996
4.377930164
4.349219799
4.064670086
4.208280087
3.854749918
3.898590088
3.948879957
4.15955019
3.985450029
3.880340099
4.026229858
3.9254601
3.952280045
3.983959913
3.469710112
3.47781992
3.605089903
3.565020084
3.511229992
3.394469976
2.994740009
2.937200069
2.946510077
2.866050005
2.906290054
2.876509905
2.848400116
2.842070103
2.820009947
2.795449972
2.633140087
2.7011199
2.919539928
3.048069954
3.045900106
3.047379971
2.923919916
2.949359894
2.957459927
2.825550079
2.815939903
2.84465003
2.823189974
2.802979946
2.906369925
2.956959963
2.873579979
2.846440077
2.799129963
2.84465003
2.865550041
2.92998004
2.892859936
2.886879921
2.87116003
3.072799921
2.969990015
3.00977993
3.001919985
2.993200064
3.03008008
3.014359951
3.015990019
3.145930052
3.058579922
3.064029932
3.107969999
3.105989933
3.145040035
3.137200117
3.179739952
3.144180059
3.104890108
3.107350111
3.071540117
3.022789955
3.047970057
3.092600107
3.075150013
3.114650011
3.111540079
3.099859953
3.065789938
3.10442996
3.094549894
3.100769997
3.782210112
4.06167984
3.804330111
3.959300041
4.164899826
4.589799881
4.230219841
3.961639881
3.548010111
3.598870039
3.419070005
3.396620035
3.115149975
2.969389915
3.278700113
3.225990057
3.194610119
3.065799952
3.189450026
3.201980114
3.18550992
3.13361001
3.115570068
3.150269985
3.136830091
3.12409997
3.107830048
3.344439983
3.608340025
3.578609943
3.522589922
3.669729948
3.621220112
3.434900045
3.342250109
3.377490044
3.361809969
3.523720026
3.473099947
3.645139933
3.686919928
3.669029951
3.663939953
3.8364501
3.606329918
3.626739979
3.614569902
3.833770037
3.698920012
3.74000001
3.756959915
3.720619917
3.536119938
3.458689928
3.419529915
3.578069925
3.644000053
3.624749899
3.424420118
3.479049921
3.466029882
3.500260115
3.459140062
3.480170012
3.508980036
3.502160072
3.483069897
3.495389938
3.469670057
3.453560114
3.604140043
3.568880081
3.560570002
3.536720037
3.556619883
3.49368
3.476020098
3.465990067
2.996779919
3.08694005
3.026190042
3.04895997
3.017440081
3.388530016
3.220779896
3.076570034
3.103480101
3.180999994
3.127279997
3.154819965
3.287450075
3.120160103
3.1113801
3.080800056
3.052160025
3.07723999
3.075870037
3.047529936
3.162770033
3.137409925
3.098999977
3.085959911
3.062160015
3.081549883
3.095249891
3.075619936
3.11187005
3.129689932
3.210589886
3.182509899
3.209009886
3.241029978
3.251430035
3.252789974
3.457989931
3.464270115
3.483629942
3.396929979
3.374870062
3.36552
3.416790009
3.412879944
3.441859961
3.44611001
3.432970047
3.365020037
3.323529959
3.250230074
3.192159891
3.221649885
3.267750025
3.254220009
3.279850006
3.287549973
3.38470006
3.290179968
3.307399988
3.303519964
3.305779934
3.309390068
3.307389975
3.169810057
3.178250074
3.205549955
3.200910091
3.234719992
3.242799997
3.224699974
3.229069948
3.230570078
3.303600073
3.26406002
3.226330042
3.219409943
3.257070065
3.239949942
3.262109995
3.262680054
3.250590086
3.251650095
3.255929947
3.245320082
3.220269918
3.216200113
3.226989985
3.241770029
3.257319927
3.238859892
3.239609957
3.278830051
3.273819923
3.257770061
3.240390062
3.285170078
3.278379917
3.346400023
3.319269896
3.334470034
3.631829977
3.811719894
4.045800209
3.889709949
3.788500071
3.813600063
3.659749985
3.705199957
3.680310011
3.740910053
3.746789932
3.713850021
3.822109938
3.953449965
3.938139915
4.056429863
3.819149971
3.882270098
3.856800079
3.925679922
4.010119915
4.063119888
4.006529808
3.983129978
4.003220081
3.833389997
3.881010056
3.954489946
3.929699898
3.968189955
3.951410055
4.045660019
4.08246994
4.501329899
4.700679779
4.609620094
4.670869827
4.650390148
4.740990162
4.71505022
4.86097002
4.808040142
4.81291008
4.959159851
4.770780087
4.748169899
4.693120003
4.840000153
5.013979912
5.333580017
5.29031992
5.204020023
5.239779949
5.660789967
5.593269825
5.559949875
5.593780041
5.294539928
4.821750164
3.910700083
3.850509882
4.279099941
4.233069897
4.074309826
4.119850159
4.100659847
4.061880112
4.193500042
4.255970001
4.589920044
4.253290176
4.540559769
4.452280045
4.468220234
4.111879826
4.219910145
4.163070202
4.099830151
4.085440159
4.153279781
4.138549805
4.148459911
4.159770012
4.132669926
4.189889908
4.148220062
4.149159908
4.125060081
4.120230198
4.038290024
4.05700016
4.070670128
4.032040119
3.970240116
3.95588994
3.967740059
4.077439785
4.061810017
4.013820171
3.86342001
3.639580011
3.719229937
3.748450041
3.729039907
3.760179996
3.780319929
3.785510063
3.759749889
3.722419977
3.742170095
3.709350109
3.714410067
3.650209904
3.577080011
3.637720108
3.599440098
3.607120037
3.604089975
3.615560055
3.615070105
3.657259941
3.930730104
3.855050087
3.802069902
3.826380014
3.736769915
3.739830017
3.759520054
3.804059982
3.797440052
3.832010031
3.824569941
3.888750076
4.01444006
3.979190111
3.972359896
3.969880104
3.988339901
3.969990015
3.968980074
3.855449915
3.823189974
3.82171011
3.832159996
3.811919928
3.806190014
3.805419922
4.043399811
3.831160069
3.842070103
3.84036994
3.767570019
3.81291008
3.805140018
3.808379889
3.858740091
3.852240086
3.837610006
3.845609903
3.841599941
3.849220037
3.842309952
3.837970018
3.823029995
3.843130112
3.846539974
3.862289906
3.838049889
3.815129995
3.795170069
3.816329956
3.758510113
3.906569958
3.897599936
3.872430086
3.885449886
3.910480022
3.839580059
3.804140091
3.779000044
3.805459976
3.8854599
3.917779922
3.868860006
3.904409885
3.960289955
4.021500111
3.97322011
4.090310097
4.034009933
3.993959904
4.088329792
4.104499817
3.861330032
3.878890038
3.86668992
3.88925004
3.838870049
3.842760086
3.864609957
3.824239969
3.816009998
3.763880014
3.878000021
3.87616992
3.893589973
4.019480228
3.943190098
3.961319923
3.953799963
3.921940088
3.944880009
3.947309971
3.92531991
3.907690048
3.915420055
3.894510031
3.88293004
3.884540081
3.874550104
3.893790007
3.909080029
3.946439981
3.924000025
3.899610043
3.52857995
3.535409927
3.615950108
3.691099882
3.691479921
3.680269957
3.637959957
3.662309885
3.650279999
3.619560003
3.624469995
3.628180027
3.69749999
3.676949978
3.662620068
3.661060095
3.653450012
3.711679935
4.655330181
4.551539898
4.347219944
4.355480194
4.469399929
4.571350098
4.555480003
4.390520096
4.325290203
4.511590004
4.648940086
4.626200199
4.837850094
4.292719841
3.861259937
3.955879927
3.99458003
4.301959991
4.591509819
3.846790075
3.962800026
3.890870094
3.9005301
3.925839901
3.902539968
3.939049959
3.838200092
3.860610008
3.890010118
3.904510021
3.842940092
3.835760117
3.786099911
3.714529991
3.834320068
3.855880022
3.852950096
3.852099895
4.021249771
4.078639984
4.075329781
4.085269928
4.082560062
4.058000088
4.042920113
4.044010162
4.040369987
4.023169994
3.798589945
3.777209997
3.793100119
3.764369965
3.717890024
3.770800114
3.809279919
3.786809921
3.830359936
3.79102993
3.76225996
3.767659903
3.783279896
3.805219889
3.842950106
3.84671998
3.826109886
3.826719999
3.802740097
3.770989895
3.798899889
3.924230099
3.920819998
3.884000063
3.901560068
3.92140007
3.821480036
3.776000023
3.838419914
3.752170086
3.798000097
3.842570066
4.170539856
4.055190086
4.160870075
4.237100124
4.055099964
3.967619896
3.956409931
4.033309937
4.009220123
3.936490059
3.98003006
4.083960056
4.07062006
4.060739994
4.07528019
4.15568018
4.185900211
6.980629921
6.667059898
6.883520126
7.74450016
8.070579529
8.289360046
11.09399986
10.2517004
9.371560097
9.916210175
8.709850311
8.917039871
8.853830338
10.78559971
10.14949989
10.39000034
10.79459953
10.71490002
10.42160034
10.32009983
9.658080101
10.3348999
11.22780037
13.06459999
13.93910027
14.96549988
15.21280003
14.84809971
14.62199974
14.34150028
15.74209976
15.70559978
15.91769981
15.89500046
21.04260063
23.39360046
26.26689911
28.15979958
30.29109955
28.95820045
33.58300018
31.96209908
30.71769905
27.45490074
28.91200066
28.89299965
25.36529922
23.32769966
25.40439987
28.35759926
27.69750023
27.50600052
26.29820061
25.38100052
32.11209869
34.45339966
29.90019989
23.74830055
23.73530006
24.22060013
25.21249962
24.1420002
25.29759979
28.80340004
28.94470024
27.6609993
27.93930054
30.84329987
30.5510006
28.3946991
30.21190071
29.68160057
30.44169998
33.21630096
29.50349998
30.64290047
30.22470093
30.2201004
35.70050049
47.64590073
46.04159927
50.32089996
47.21640015
47.78749847
47.71289825
47.33549881
44.4917984
43.92440033
41.13180161
40.54150009
42.84949875
41.06529999
40.35430145
38.98820114
41.56760025
46.42520142
55.33440018
53.19449997
51.13029861
46.57550049
52.13850021
49.58050156
46.57640076
45.3307991
48.75120163
46.32780075
42.80270004
38.9239006
40.91289902
42.66970062
44.30239868
40.86439896
45.01570129
45.76300049
46.55830002
44.05590057
44.4054985
42.24129868
42.22969818
42.13980103
40.61460114
41.1155014
40.42200089
43.02270126
43.03630066
42.13219833
42.86149979
43.4496994
46.85900116
45.10300064
45.79550171
48.63190079
48.01190186
46.49980164
47.09939957
46.43389893
45.81280136
45.80450058
43.30649948
44.15119934
43.91460037
47.28139877
45.47999954
46.23099899
47.93600082
46.72710037
53.24810028
50.18560028
51.17679977
51.74959946
61.15879822
62.35549927
63.16699982
64.16929626
71.05509949
86.03970337
79.02429962
76.84300232
65.20580292
71.2947998
80.11430359
78.48429871
67.7947998
66.00910187
61.61349869
66.03990173
64.23370361
61.73009872
41.5848999
48.21260071
48.25830078
48.49020004
55.52539825
52.83530045
51.73379898
46.60580063
48.09030151
49.27159882
47.61830139
51.58010101
51.54679871
56.28310013
54.08520126
52.6230011
55.14239883
54.54330063
53.37599945
52.34960175
51.3995018
51.66949844
52.12009811
52.58399963
53.14260101
50.16400146
50.71709824
50.88750076
60.10760117
59.42890167
63.95019913
65.4673996
64.62190247
59.47900009
60.73080063
59.73970032
60.33060074
58.2018013
56.80789948
54.92020035
55.96319962
56.49430084
55.73799896
55.33240128
54.69390106
57.10639954
56.39049911
55.7541008
53.18080139
54.73730087
56.1814003
55.03720093
54.74639893
55.17369843
61.29520035
62.57310104
64.2696991
59.26010132
62.30329895
59.00540161
61.39649963
62.67959976
63.82360077
71.06020355
67.56900024
69.64369965
71.58930206
72.25279999
70.02829742
71.89279938
73.2233963
77.96829987
88.81690216
85.92680359
91.60269928
96.03379822
85.57099915
88.33070374
99.00370026
100.2839966
101.2630005
104.2360001
102.3970032
100.3519974
98.29239655
124.8460007
155.2420044
148.6600037
214.2030029
316.1589966
302.6019897
279.3280029
299.7789917
298.9719849
318.7189941
358.3359985
350.2529907
314.6210022
317.4620056
264.9320068
288.2659912
275.980011
273.3900146
286.5039978
272.1740112
249.9299927
245.5019989
218.9629974
232.095993
229.0330048
