4.366759777
4.403520107
4.289539814
3.780019999
3.390439987
3.032269955
3.493129969
3.594219923
3.370870113
3.283620119
3.399399996
3.406529903
3.460380077
3.362809896
3.260890007
3.281009912
2.823990107
2.929739952
2.891419888
3.198649883
3.302050114
3.314850092
3.193259954
3.091909885
3.118520021
3.170130014
3.187750101
3.124109983
3.230700016
3.102799892
3.092129946
3.077460051
2.971390009
2.942140102
2.827790022
2.730530024
2.703310013
2.867470026
2.876840115
2.779139996
2.604059935
2.552730083
2.384380102
2.492840052
2.412169933
2.398509979
2.2692101
2.138999939
2.08581996
2.138859987
2.281640053
2.30479002
2.29817009
2.325959921
2.863430023
2.897599936
3.134500027
2.848309994
2.806420088
2.880800009
3.036839962
2.761229992
2.788219929
3.009160042
2.94968009
2.846849918
2.675159931
2.706860065
2.423019886
2.457779884
2.711159945
2.584759951
2.609250069
2.837120056
2.722759962
2.807480097
2.92843008
2.873670101
2.999340057
3.076349974
3.145109892
2.881299973
2.96239996
2.874279976
2.945780039
2.887229919
2.988110065
2.948559999
2.983150005
2.896929979
2.884860039
2.943279982
2.972609997
3.001009941
2.874109983
2.942250013
2.842430115
3.011019945
2.999069929
2.844089985
2.821609974
2.753619909
2.710740089
2.685139894
2.551310062
2.694299936
2.655489922
2.759690046
2.73526001
2.761970043
2.717230082
2.800709963
2.800489902
2.823869944
2.774499893
2.694109917
2.781599998
2.738770008
2.679100037
2.576539993
2.568300009
2.575129986
2.537009954
2.53508997
2.656480074
2.590630054
2.571589947
2.553539991
2.599529982
2.816610098
2.780250072
2.680969954
2.704790115
2.73210001
2.731209993
2.643690109
2.748950005
2.689810038
2.662400007
2.585410118
2.647300005
2.630480051
2.602590084
2.548579931
2.609560013
2.479330063
2.525429964
2.526720047
2.471839905
2.469899893
2.366760015
2.402149916
2.39180994
2.26631999
2.298629999
2.343130112
2.420480013
1.977699995
2.176949978
2.191859961
2.133339882
2.174420118
2.095010042
1.980880022
1.931300044
2.025320053
2.0682199
2.122479916
2.148940086
2.055239916
1.972100019
1.916839957
1.915979981
1.905220032
1.869379997
1.931540012
1.821020007
1.699630022
2.057310104
2.293200016
2.161299944
2.203969955
2.126919985
2.172139883
2.12974
2.278340101
2.344850063
2.459429979
2.717010021
2.900059938
3.082870007
3.042619944
3.359970093
4.378399849
4.608069897
4.335830212
3.911429882
4.013800144
4.01760006
4.108809948
4.273789883
4.193659782
4.330230236
4.126580238
9.422690392
7.964560032
8.011429787
9.362230301
10.11699963
10.58979988
10.31980038
12.3760004
19.9090004
38.99129868
44.36880112
36.94169998
40.57339859
34.46989822
33.34880066
39.32089996
44.52999878
37.46310043
29.73740005
23.17860031
27.21150017
31.49889946
36.28900146
31.23279953
31.64800072
31.44980049
30.46010017
31.39259911
24.43330002
21.85160065
13.42809963
19.85470009
17.30760002
16.60309982
16.73649979
17.81080055
17.65060043
21.64669991
24.80660057
23.19470024
22.56229973
23.89369965
24.50510025
24.3477993
24.70369911
25.66710091
24.81340027
25.0352993
26.91139984
29.24419975
22.84490013
24.48679924
24.45240021
24.98749924
27.05459976
25.13479996
24.2833004
24.10219955
25.26670074
24.40049934
23.81290054
24.56010056
25.42720032
25.20249939
24.84560013
23.64749908
22.29610062
20.70219994
23.20299911
24.13190079
20.12450027
21.42340088
21.91430092
21.64749908
22.09900093
22.50499916
22.37380028
21.89579964
21.52529907
20.85820007
19.90089989
18.53009987
18.0223999
18.29630089
17.75909996
17.4095993
16.92670059
15.3657999
16.45170021
16.09149933
15.13609982
15.47169971
15.55749989
15.70149994
13.98099995
13.91520023
14.98330021
15.41860008
14.49919987
13.80179977
14.25640011
14.28619957
13.22710037
13.6552
12.77820015
14.28829956
16.99279976
16.37730026
16.48240089
15.85789967
15.40610027
15.98190022
16.00629997
16.10230064
17.16040039
16.99790001
16.60169983
16.89459991
17.34569931
17.29459953
19.45339966
17.16659927
16.40229988
15.63930035
15.71039963
15.29679966
16.22610092
16.2901001
16.28000069
12.66049957
13.90849972
13.44649982
13.14610004
12.77490044
13.09329987
11.26340008
11.06599998
11.00300026
11.17959976
11.6559
11.2105999
11.37989998
11.18760014
8.424590111
10.90499973
10.66479969
10.38669968
11.46350002
13.30230045
13.42249966
12.46049976
12.04559994
12.85499954
12.56050014
12.49680042
12.03859997
12.13739967
12.53530025
10.80760002
10.56070042
9.791000366
10.12250042
10.40320015
10.92730045
11.13119984
10.51679993
10.30080032
10.31130028
10.20510006
10.34140015
10.50909996
10.42280006
10.76179981
10.71720028
10.33810043
10.41870022
10.40579987
10.43309975
10.48279953
10.44069958
10.34729958
10.34329987
10.30389977
10.60340023
10.57919979
10.64640045
11.20849991
11.12310028
11.57830048
11.54679966
11.16230011
11.01270008
10.7816
11.25790024
10.92650032
11.14719963
11.3593998
11.47019958
11.03929996
11.29539967
11.1960001
11.1097002
11.26589966
11.21109962
11.10309982
10.93150043
10.16250038
10.25959969
9.874690056
9.961620331
9.683449745
9.674099922
9.676779747
9.996370316
9.841139793
9.84951973
9.769900322
9.728110313
9.612110138
9.20059967
9.094380379
9.273249626
9.195790291
8.971910477
8.962260246
7.984789848
8.067560196
8.033599854
7.322189808
7.304900169
7.098889828
7.581160069
7.774409771
7.784160137
7.798240185
7.863460064
8.60684967
8.898750305
8.618350029
8.561630249
8.327770233
8.65874958
8.717260361
8.611940384
8.462220192
8.593370438
8.567830086
8.471039772
7.779580116
7.575419903
7.607329845
7.75578022
7.586410046
7.647369862
7.279640198
7.536180019
7.708179951
7.629399776
7.537690163
7.410049915
7.262740135
7.187799931
7.183909893
7.063640118
6.951610088
6.961209774
6.060359955
5.652969837
5.044489861
5.059370041
5.047749996
4.971869946
4.346920013
3.713910103
4.715990067
5.464449883
5.796800137
5.235569954
4.89496994
5.398369789
5.204209805
5.55095005
5.393370152
5.294469833
5.355969906
5.206170082
4.855370045
4.710330009
4.819849968
4.869579792
5.171730042
4.974750042
4.986579895
5.156000137
5.092689991
5.060850143
5.338019848
5.462900162
5.393760204
5.447939873
5.403349876
5.168270111
5.085889816
5.065430164
4.687290192
4.329199791
4.263070107
4.245930195
4.239990234
4.74420023
4.665880203
4.509930134
4.434390068
4.424620152
4.23762989
4.252190113
4.47096014
4.430150032
4.319359779
4.173130035
3.942070007
3.703049898
3.813329935
3.855469942
3.908620119
3.898859978
3.795919895
3.776580095
3.846440077
3.864520073
4.076990128
4.057740211
3.991440058
3.991630077
4.056429863
3.983570099
3.911799908
3.940949917
3.846970081
3.739490032
3.748729944
3.668950081
3.724060059
3.812269926
3.852880001
3.734499931
3.784650087
3.756659985
3.576879978
3.585910082
3.580420017
3.590310097
3.642139912
3.649669886
3.556649923
3.554840088
3.632159948
3.698509932
3.679729939
4.132989883
4.085499763
3.992259979
3.8411901
3.880559921
3.875149965
3.779959917
3.806960106
3.614300013
3.501140118
3.522779942
3.594640017
3.624979973
3.568909883
3.565069914
3.560790062
3.604710102
3.585959911
3.575589895
3.577990055
3.628000021
3.611700058
3.594089985
3.615959883
3.615600109
3.70836997
3.655019999
3.523839951
3.493930101
3.478899956
3.486569881
3.475199938
3.481110096
3.451839924
3.010560036
2.944430113
2.80527997
2.8671
2.914629936
2.860249996
2.887320042
2.87770009
2.735949993
2.700700045
2.779580116
2.719000101
2.733799934
2.696170092
2.703840017
2.724210024
2.697429895
2.666460037
2.110219955
1.958029985
2.084340096
2.118099928
2.115609884
2.010020018
1.969990015
1.653599977
1.717679977
1.710199952
1.549610019
1.153239965
1.27718997
1.397799969
1.296030045
1.328570008
1.340989947
1.323899984
1.374269962
1.412310004
1.430680037
1.842049956
2.245490074
2.074179888
2.09126997
1.876629949
1.914459944
1.896129966
1.878780007
1.812809944
1.874179959
1.820850015
1.794739962
1.740329981
1.759559989
1.786790013
1.785269976
1.733250022
1.760810018
1.730810046
1.755089998
1.822929978
1.940029979
1.844480038
1.794119954
1.856660008
1.825209975
1.842020035
1.848960042
1.84987998
1.803050041
1.813560009
1.830000043
1.808099985
1.801169991
1.849179983
1.845759988
1.892420053
1.942199945
1.956050038
1.924479961
1.920330048
1.893589973
1.913529992
1.892500043
1.944000006
2.008239985
2.023580074
2.042109966
2.004090071
1.994619966
2.021759987
2.034470081
1.982650042
1.74364996
1.763280034
1.766919971
1.745830059
1.799679995
1.775509953
1.654600024
1.672719955
1.691200018
1.682669997
1.704589963
1.656460047
1.669610023
1.651029944
1.666890025
1.67682004
1.699830055
1.682510018
1.70164001
1.685979962
1.668269992
1.619590044
1.585260034
1.522830009
1.458789945
1.471760035
1.375849962
1.375959992
1.383239985
1.421540022
1.409839988
1.409870028
1.38428998
1.408100009
1.432199955
1.455309987
1.458209991
1.420410037
1.399500012
1.321849942
1.382640004
1.362570047
1.360980034
1.442849994
1.407250047
1.419800043
1.434610009
1.414880037
1.406329989
1.389729977
1.454900026
1.480479956
1.448300004
1.438519955
1.438809991
1.443809986
1.450039983
1.447839975
1.454699993
1.446470022
1.453639984
1.446779966
1.45352006
1.460749984
1.479490042
1.83130002
1.78737998
1.833410025
1.802700043
1.816120028
1.847000003
1.840600014
1.830170035
1.812090039
1.638560057
1.616080046
1.67050004
1.686669946
1.669289947
1.761059999
1.75849998
1.731819987
1.784909964
1.796650052
1.759150028
1.789600015
1.802739978
1.860780001
2.002350092
2.018039942
2.896420002
2.890330076
3.09533
2.810199976
3.035190105
3.021450043
3.027770042
2.974230051
2.772779942
2.846740007
2.86142993
3.093580008
3.187730074
3.744119883
4.085999966
3.926640034
4.062329769
4.118319988
4.126900196
4.947000027
5.437069893
5.246779919
6.356450081
7.527009964
4.475769997
4.387509823
5.299920082
4.68283987
4.648960114
4.197480202
3.720789909
3.782989979
4.004380226
3.770319939
3.930530071
3.782979965
3.825540066
3.789459944
4.597760201
4.632549763
4.683129787
4.67001009
5.049620152
4.792620182
4.58220005
4.639080048
4.087379932
4.169469833
4.183420181
4.374330044
4.348999977
4.063340187
4.220990181
3.843389988
3.90079999
3.948740005
4.143340111
3.972270012
3.880690098
4.022490025
3.932029963
3.963320017
3.98368001
3.479650021
3.470809937
3.600229979
3.562560081
3.513279915
3.392580032
2.98477006
2.949690104
2.946140051
2.84239006
2.916160107
2.871560097
2.85323
2.847419977
2.819809914
2.796689987
2.638139963
2.702049971
2.917819977
3.039000034
3.047369957
3.048280001
2.924649954
2.94878006
2.962569952
2.824790001
2.814919949
2.844199896
2.829940081
2.806220055
2.910619974
2.95491004
2.875070095
2.85371995
2.79847002
2.855050087
2.871510029
2.933239937
2.894720078
2.888989925
2.881330013
3.102649927
2.966089964
3.013900042
2.996829987
2.998670101
3.032919884
3.02105999
3.020119905
3.148969889
3.061340094
3.069129944
3.112349987
3.10868001
3.14902997
3.139090061
3.181529999
3.149950027
3.108639956
3.11123991
3.074110031
3.030620098
3.052580118
3.093440056
3.080790043
3.120429993
3.112659931
3.109719992
3.071099997
3.107029915
3.099299908
3.102479935
3.768569946
4.08355999
3.815089941
3.982889891
4.17497015
4.579899788
4.199550152
3.945240021
3.551239967
3.619869947
3.432859898
3.40038991
3.117110014
2.972150087
3.268640041
3.223370075
3.198640108
3.066450119
3.190370083
3.198909998
3.191230059
3.136039972
3.117439985
3.163290024
3.143889904
3.130359888
3.11383009
3.351389885
3.601399899
3.575409889
3.534359932
3.66437006
3.626080036
3.430929899
3.34671998
3.382329941
3.369940042
3.525379896
3.452549934
3.647670031
3.682820082
3.669640064
3.672990084
3.842519999
3.596299887
3.636879921
3.618419886
3.838910103
3.704109907
3.751319885
3.765160084
3.740560055
3.546210051
3.45878005
3.432379961
3.590189934
3.648880005
3.641139984
3.420320034
3.477809906
3.47062993
3.512000084
3.459300041
3.479520082
3.515280008
3.503999949
3.479099989
3.492000103
3.467060089
3.450069904
3.596800089
3.574350119
3.559159994
3.526269913
3.55302
3.489979982
3.470930099
3.464040041
2.965719938
3.087320089
3.019550085
3.047660112
3.014800072
3.384229898
3.231050014
3.082030058
3.113509893
3.187949896
3.125370026
3.159349918
3.292860031
3.138400078
3.118129969
3.096930027
3.073430061
3.088010073
3.086390018
3.057529926
3.171509981
3.149970055
3.109600067
3.09190011
3.076080084
3.088979959
3.11213994
3.092240095
3.118119955
3.147730112
3.232039928
3.202270031
3.227309942
3.245199919
3.260449886
3.268110037
3.459969997
3.465919971
3.488810062
3.403270006
3.386110067
3.369489908
3.428809881
3.414160013
3.441200018
3.448349953
3.434360027
3.363739967
3.321500063
3.251719952
3.191489935
3.221620083
3.271409988
3.250550032
3.277909994
3.286319971
3.391129971
3.289419889
3.309089899
3.30328989
3.307110071
3.311359882
3.307149887
3.170779943
3.181529999
3.205189943
3.200040102
3.233839989
3.245019913
3.227839947
3.227720022
3.231820107
3.302910089
3.261759996
3.22665
3.22548008
3.24574995
3.245899916
3.261450052
3.261300087
3.246040106
3.258519888
3.257009983
3.241909981
3.224020004
3.221859932
3.227449894
3.240139961
3.262949944
3.245739937
3.243210077
3.279850006
3.280050039
3.260370016
3.248899937
3.291749954
3.280930042
3.346790075
3.320780039
3.346359968
3.622859955
3.795589924
4.04861021
3.878859997
3.792069912
3.8134799
3.657500029
3.708709955
3.682110071
3.741839886
3.741810083
3.716130018
3.819519997
3.93640995
3.937629938
4.057970047
3.820329905
3.881340027
3.855269909
3.927279949
4.014090061
4.063079834
4.003640175
3.979799986
4.002439976
3.824929953
3.883519888
3.956589937
3.922930002
3.963880062
3.950809956
4.045259953
4.089419842
4.510950089
4.688729763
4.632639885
4.687600136
4.653289795
4.744649887
4.719580173
4.863190174
4.798429966
4.814459801
4.954820156
4.774290085
4.777880192
4.751999855
4.882339954
5.067299843
5.414649963
5.305180073
5.223100185
5.25304985
5.672430038
5.603990078
5.560369968
5.625189781
5.273550034
4.827529907
3.918139935
3.851830006
4.274600029
4.243010044
4.051529884
4.137750149
4.101689816
4.07738018
4.193490028
4.277770042
4.660930157
4.272689819
4.557789803
4.464459896
4.496560097
4.115670204
4.237390041
4.12157011
4.121180058
4.092189789
4.162829876
4.140979767
4.154459953
4.152709961
4.137720108
4.199389935
4.152750015
4.149990082
4.133190155
4.125780106
4.042600155
4.06374979
4.072619915
4.03718996
3.96491003
3.965759993
3.974790096
4.082660198
4.07957983
4.06291008
3.871690035
3.639430046
3.711970091
3.742010117
3.721159935
3.758680105
3.774509907
3.782840014
3.761759996
3.717410088
3.738460064
3.708669901
3.715709925
3.648289919
3.585030079
3.645109892
3.602799892
3.610980034
3.60800004
3.619410038
3.617419958
3.664419889
3.928809881
3.856489897
3.801919937
3.824939966
3.736079931
3.737659931
3.767519951
3.806070089
3.795629978
3.836750031
3.82701993
3.893100023
4.021540165
3.984240055
3.98913002
3.969449997
3.983710051
3.972219944
3.96852994
3.870340109
3.831799984
3.818809986
3.830049992
3.815370083
3.800280094
3.810199976
4.042620182
3.829360008
3.869210005
3.856509924
3.7651999
3.814719915
3.796010017
3.799989939
3.856839895
3.850579977
3.837830067
3.844500065
3.847759962
3.846290112
3.850150108
3.838910103
3.832119942
3.846390009
3.83852005
3.863970041
3.844680071
3.823210001
3.803999901
3.820440054
3.746449947
3.911989927
3.900360107
3.882570028
3.892240047
3.954149961
3.846179962
3.807970047
3.79027009
3.809689999
3.893719912
3.920200109
3.871330023
3.911420107
3.960269928
4.035870075
3.976510048
4.095950127
4.037079811
3.998600006
4.090809822
4.112979889
3.85571003
3.878509998
3.860280037
3.888329983
3.836970091
3.846029997
3.858540058
3.836410046
3.814369917
3.766180038
3.878890038
3.888829947
3.900460005
4.055570126
3.958620071
3.977370024
3.965739965
3.932120085
3.952199936
3.968869925
3.932110071
3.912909985
3.920609951
3.907919884
3.897739887
3.892509937
3.887809992
3.909450054
3.919219971
3.949599981
3.932359934
3.884439945
3.489049911
3.541079998
3.602780104
3.691090107
3.694890022
3.687969923
3.640729904
3.665499926
3.657259941
3.612890005
3.627150059
3.629869938
3.703890085
3.677210093
3.659859896
3.664520025
3.665610075
3.71585989
4.646490097
4.555449963
4.346539974
4.368569851
4.487569809
4.578859806
4.562489986
4.39233017
4.329120159
4.520450115
4.655879974
4.633749962
4.91437006
4.302400112
3.863389969
3.959120035
3.996979952
4.30092001
4.597159863
3.836709976
3.948479891
3.892580032
3.888780117
3.922039986
3.905699968
3.942250013
3.84190011
3.859179974
3.892570019
3.902479887
3.856129885
3.835269928
3.791330099
3.714440107
3.84010005
3.85352993
3.852440119
3.856230021
4.016499996
4.076039791
4.075150013
4.08163023
4.08450985
4.065110207
4.057980061
4.053480148
4.049739838
4.029650211
3.801090002
3.777220011
3.795870066
3.768229961
3.71529007
3.769180059
3.796760082
3.778379917
3.828000069
3.792579889
3.768650055
3.7636199
3.787580013
3.800040007
3.830919981
3.852220058
3.81588006
3.813430071
3.803689957
3.773060083
3.795289993
3.921289921
3.911910057
3.863100052
3.872240067
3.894040108
3.807579994
3.766390085
3.828279972
3.75880003
3.786600113
3.847440004
4.173810005
4.046860218
4.14730978
4.233170033
4.040520191
3.956500053
3.950479984
4.036369801
3.987349987
3.931740046
3.973069906
4.073470116
4.066150188
4.066390038
4.069680214
4.142370224
4.178909779
7.018730164
6.653160095
6.862919807
7.744619846
8.118430138
8.247280121
11.12310028
10.22350025
9.336039543
9.888790131
8.720999718
8.91162014
8.831009865
10.76439953
10.13090038
10.34210014
10.74549961
10.59570026
10.41889954
10.31379986
9.634750366
10.29150009
11.17660046
13.06529999
13.96399975
14.97869968
15.20590019
14.84360027
14.59309959
14.39700031
15.7031002
15.70810032
15.92269993
15.87520027
21.04450035
23.47120094
26.46680069
28.20149994
30.37240028
28.96439934
33.29809952
32.65710068
30.93129921
27.21890068
29.09000015
28.89450073
25.33760071
23.24239922
25.16539955
28.28709984
27.68129921
27.4762001
26.14150047
25.30349922
32.12170029
34.46900177
30.32509995
23.40309906
24.00740051
24.32489967
25.31889915
24.2935009
25.34390068
28.89730072
29.03630066
27.65029907
28.09000015
30.84070015
30.56870079
28.38129997
30.18729973
29.68449974
30.50090027
33.23049927
29.49160004
30.73900032
30.2154007
30.27910042
36.18389893
47.44219971
46.16199875
50.4090004
47.29520035
47.71879959
47.74779892
47.24670029
44.49069977
44.03699875
41.13130188
40.81600189
42.83010101
41.04299927
40.40409851
38.94919968
41.47850037
46.56259918
55.27489853
53.19549942
51.10150146
46.6393013
52.36370087
49.90879822
46.27420044
45.25590134
48.72340012
46.35919952
42.80530167
38.92100143
41.18920135
42.6230011
44.34740067
40.95539856
45.06850052
45.77299881
46.62820053
44.1595993
44.48289871
42.2879982
42.35319901
42.21620178
40.55889893
41.18450165
40.34030151
43.01929855
43.07490158
42.19300079
42.89350128
43.48600006
46.84500122
45.17169952
45.89810181
48.58670044
48.04940033
46.4048996
47.05059814
46.56869888
45.83229828
45.81349945
43.37189865
44.17879868
43.89720154
47.0542984
45.37620163
46.18980026
47.89519882
46.71360016
52.82440186
50.17229843
51.16579819
51.80479813
61.36339951
62.39459991
63.16379929
64.15820313
70.85610199
85.82990265
78.97989655
76.73210144
65.251297
71.77729797
79.87799835
78.45279694
67.21269989
65.80280304
61.64659882
66.23880005
64.32160187
61.64220047
41.68500137
48.13339996
48.23040009
48.53020096
55.68360138
52.74489975
51.66360092
46.65269852
48.15710068
49.25009918
47.61989975
51.68790054
51.57619858
56.21220016
54.10929871
52.62649918
55.13619995
54.5469017
53.39039993
52.28430176
51.40140152
51.63600159
52.13750076
52.49349976
53.08250046
50.15420151
50.75329971
50.88669968
60.55189896
59.4056015
64.12660217
65.71829987
64.67320251
59.5868988
60.82180023
59.80979919
60.30379868
58.27190018
56.77069855
54.95949936
55.9516983
56.46860123
55.67309952
55.38430023
54.6697998
56.84019852
56.36500168
55.74069977
53.55920029
54.57820129
56.21590042
55.02569962
54.75920105
54.98770142
61.11299896
62.48960114
64.436203
59.34889984
62.30920029
59.17580032
61.64289856
62.77519989
63.8091011
70.4484024
67.40519714
69.51190186
71.41300201
72.19680023
70.18219757
71.97509766
73.14189911
77.90869904
88.93930054
85.88970184
91.72399902
96.01249695
86.24669647
88.00350189
98.9414978
100.1949997
101.3960037
104.2770004
102.4779968
99.98410034
98.32810211
127.4789963
155.6269989
148.2579956
212.4640045
315.3619995
301.197998
280.9679871
299.3370056
301.7839966
318.9530029
359.125
349.6040039
314.6600037
319.2569885
269.2669983
291.0079956
277.493988
273.1080017
286.5889893
272.1260071
250.352005
245.0870056
216.9750061
231.6660004
228.9900055
255.6950073
245.4750061
241.0339966
249.7680054
296.053009
287.7250061
254.6060028
248.072998
251.5220032
229.7870026
236.8820038
260.57901
237.2890015
232.8170013
190.1450043
186.9490051
191.1920013
194.378006
211.2350006
191.7899933
180.279007
178.4250031
181.5630035
179.8190002
176.6609955
181.4210052
193.7510071
181.4450073
165.2960052
163.6820068
142.5619965
131.401001
160.3809967
148.727005
127.5210037
142.4819946
138.3359985
149.7299957
163.4880066
155.3919983
150.1040039
161.7749939
159.5789948
212.3470001
225.5
229.5019989
230.5090027
215.4149933
223.0870056
230.947998
212.8410034
194.1929932
210.6369934
208.1320038
222.1380005
221.7100067
217.279007
203.1190033
209.5549927
213.8379974
210.2359924
213.7400055
210.5130005
196.826004
185.697998
176.4810028
188.1130066
177.5130005
189.0160065
177.5970001
175.9369965
161.2019958
164.8170013
165.1880035
152.5370026
155.4750061
161.5209961
169.5570068
168.7230072
163.5769958
168.5339966
158.8639984
160.1649933
148.9609985
135.4900055
131.9250031
114.8040009
118.637001
116.9049988
115.2369995
119.5090027
133.9080048
118.2089996
118.8150024
113.1350021
116.2910004
117.7829971
115.2129974
114.2890015
118.2919998
129.2740021
125.223999
126.6689987
131.9680023
128.7100067
132.3769989
140.0410004
146.5010071
155.6849976
148.6080017
146.6719971
152.5749969
165.0870056
144.6990051
153.4440002
145.7420044
152.1649933
153.6470032
148.3439941
148.4450073
151.8589935
160.4689941
168.3500061
178.0209961
171.7590027
164.8300018
159.6170044
157.151001
149.4450073
137.2570038
141.7980042
144.6239929
147.4880066
139.6499939
139.5590057
132.7039948
135.9649963
135.2720032
139.6439972
134.2599945
128.8079987
119.1949997
122.5589981
119.3499985
118.5039978
117.9300003
111.8440018
119.5400009
117.3180008
118.0279999
119.8280029
123.2850037
125.2109985
119.8960037
121.8880005
121.3389969
121.5159988
120.1080017
117.5619965
106.5410004
107.4280014
100.7990036
93.99369812
101.1149979
96.57839966
97.71759796
95.77349854
98.72730255
98.95629883
97.8812027
96.94110107
85.09300232
82.7390976
80.36660004
81.81520081
76.93199921
80.6257019
74.80889893
78.94660187
81.5039978
80.2677002
85.38780212
85.17279816
85.65319824
83.83730316
83.40429688
86.26229858
82.5440979
80.78230286
76.12989807
78.59410095
77.292099
76.97329712
76.70459747
78.95960236
84.30149841
89.82150269
86.89820099
86.68199921
82.65830231
84.26450348
83.23149872
82.68299866
88.65720367
86.27719879
83.73000336
84.53690338
84.05410004
84.154
82.6893
80.3908
77.7142
76.3018
77.4223
73.3791
75.0616
74.0031
68.1628
62.473
63.975
59.4876
58.2175
59.4837
57.0048
54.679
54.536
55.3294
61.5568
57.2227
57.9084
53.7716
56.6591
55.1937
57.6042
57.9236
58.0516
57.2593
60.226
63.0292
61.7656
60.4228
61.7388
65.9848
65.8176
65.3199
67.6679
58.321
57.3422
56.1267
53.2747
54.9937
54.6068
52.389
51.8833
54.6476
56.3369
56.581
57.0201
52.2938
54.0175
54.3728
56.7827
60.8146
60.5483
61.3393
58.021
57.4492
57.45
63.1715
61.6435
61.6253
61.0986
60.3012
59.5755
57.5215
58.3315
58.8757
57.9349
58.2318
59.4454
58.6641
57.9764
50.8746
53.4561
53.5092
52.1738
54.9651
54.2649
53.7169
52.5523
53.067
53.4347
52.7846
52.237
52.4565
52.4881
52.2196
52.1278
52.0523
51.8327
48.9965
49.3378
49.5623
50.3395
51.2976
50.9862
53.5933
53.7025
56.044
54.1924
52.3647
51.9268
52.3189
51.4771
50.6349
49.5789
43.7277
43.9611
42.4888
42.0882
42.3394
36.5725
33.0652
34.6928
32.0222
32.2597
29.2268
30.8687
29.4096
31.1169
34.71944046
33.79917744
32.1305958
34.26240771
33.81029324
31.00557701
31.21585144
29.2489857
26.90794525
25.12845719
24.80359356
25.91168604
24.60048979
23.7959356
24.5306563
23.64648059
23.46288066
23.78798937
25.68278104
29.26650692
30.32775143
29.60404318
32.73263397
30.82662136
31.99216711
33.47358416
33.4015961
31.09346314
30.96217349
28.30059911
32.55842534
31.42314194
31.97723347
30.45839329
32.02122896
33.35357389
32.01652548
32.3455471
34.84721914
39.27974932
37.91899194
39.44645307
38.98713726
33.68347526
32.4562061
32.39582306
30.37809662
32.38420615
31.43858914
31.85011161
31.9134508
31.48020991
32.49004313
31.18865581
31.2133039
31.669024
32.04297065
32.82043455
32.96796003
33.08196217
32.51712367
31.23554399
31.06655857
31.89085625
31.71952223
32.81798124
34.43121103
33.46435827
34.00916424
34.34730488
32.90539722
33.23526954
43.02186668
44.76363469
46.88183172
43.16887161
43.83333895
41.87549455
41.64327731
42.75976699
43.39625852
43.88195043
48.1361698
47.82089556
51.83532206
49.13293167
49.67182105
51.6802916
44.57594809
46.17646083
45.49864212
45.61649618
46.23541307
47.48123649
49.02194553
48.33495192
46.52356239
53.02022471
55.83776853
57.43550741
56.00177992
58.09852887
57.18770355
55.41301775
57.07566285
55.86001293
56.54163755
58.99413257
61.88149188
61.28428417
60.22429714
60.6779154
60.86749332
59.30261111
59.79153116
61.24291804
60.30267953
59.5083076
59.40789933
62.22245627
61.16759622
61.25409647
60.63848184
60.76983661
60.70470593
76.25629887
85.17393122
85.03794998
88.70777404
92.42136963
92.32789514
89.49773667
86.77433153
88.39353022
79.63264174
78.94670743
78.20467268
83.01489021
79.03822213
81.35240995
79.39220167
82.09881635
82.5503825
81.52201466
77.2944144
76.85349818
74.75387557
73.24531916
71.36330212
73.21337212
72.12030745
69.78425565
67.95058738
74.30335385
73.68275362
73.76444825
79.30793651
78.00423357
76.02898101
74.9799398
74.64737348
74.59398236
74.18959253
77.16275138
89.53930196
84.63257877
88.05304408
91.66155568
101.5731417
95.63260551
89.01002061
86.67533085
95.33936829
91.57207901
91.50510322
88.19760891
88.97394629
100.0455394
102.7005904
111.4352977
117.8918933
114.9254456
115.1405912
108.6962201
114.4662527
112.7101683
114.6687111
107.3729365
102.1194973
103.8068335
110.9751493
117.2780757
118.5860555
114.9955603
129.2641335
136.0858296
135.6821195
131.3140049
133.1798057
138.1487887
137.1299405
134.4720974
135.1526619
136.6022727
135.5085205
139.0369621
141.9451564
136.9208713
135.5809475
136.4770049
131.2230044
114.4111091
120.1550976
133.7246419
122.1141324
122.5563346
119.3342227
122.5027542
119.8376617
118.3787188
118.0260075
120.2834942
123.2471036
119.5009969
108.5704055
102.8273261
105.2866393
101.1067994
89.85773137
90.90007359
79.40732893
89.69473289
101.0819413
98.45692218
100.5065626
99.55788897
95.40665845
90.46114678
94.35980888
93.4113434
94.31610508
88.88588376
89.77179758
90.47144883
90.47099673
98.5666857
99.19958725
95.01681412
94.59824443
93.08528397
96.8895988
93.0388741
90.91156415
90.08919768
84.39099488
85.45075169
89.70238866
85.74642828
84.42034936
76.13326954
76.31524677
74.90508941
72.83959563
76.33710855
77.29838659
75.24427471
72.95076823
73.57732817
75.40780734
73.47003937
72.32022988
73.93386494
72.90276875
67.35533799
64.08373598
64.35908851
64.55860769
66.11362312
66.99077227
69.17650104
67.30874093
65.38672926
65.23688015
69.01606367
70.61939198
70.13210633
70.87614529
69.95857364
69.23320675
69.02195399
70.58721647
70.32332017
72.59107352
74.22851952
77.91926989
76.95784193
75.18181667
73.50925216
72.61321087
66.84411549
55.83420576
57.6577586
55.56645073
56.41657555
55.70661636
54.31433657
56.08923383
56.01337931
56.53479118
56.52371129
56.80954257
56.83542831
55.34202715
57.7933835
57.42048301
59.40157497
57.76942316
56.4043895
55.9418741
56.71815741
57.00731925
54.98662778
52.8972314
54.93475873
53.46513349
54.06312271
54.91608686
54.92826155
53.7537248
49.68343353
50.11428002
56.94597634
56.80262153
59.91979968
58.05135971
59.86532512
58.36344482
58.7463135
58.57908506
58.59210252
58.59573855
61.57742629
63.34542311
64.23900333
61.87755743
60.48675507
61.8971433
63.77915654
61.93345401
61.3704206
61.07715214
59.48059335
57.78829879
58.60474946
59.57004496
56.80416633
55.63377099
55.2841914
50.87967244
47.62233006
48.7148581
44.76981831
45.81410566
47.1645621
48.00212267
47.09133793
48.9127838
47.4638955
47.65147232
45.77546997
45.39994771
45.14264366
45.28791152
45.67373181
45.68226851
45.89991377
45.01205496
44.61055629
43.92269617
44.01126402
44.44956876
43.84593804
43.78415901
40.35862417
37.11627734
40.79345467
39.93990595
40.30481773
40.01009815
41.95431343
40.86287638
40.73456908
40.60842657
40.26174592
41.16515652
42.79774206
43.75393429
42.76611426
41.32653574
42.01808359
39.86312864
42.38352536
43.2913816
43.60389544
45.83868091
46.44835231
45.62226871
45.21153918
48.63385663
49.31915631
51.12231203
49.69736025
58.39026662
58.04796441
57.64296828
61.30283362
59.44570871
57.78152747
57.2335212
57.63959317
58.35038793
54.64381251
54.56405604
53.68706641
56.27534011
58.76856254
60.66376678
60.0139158
68.17903901
67.90851915
70.80234164
69.9925848
69.76948233
68.11460808
72.53238108
73.46792136
74.39538128
76.44909626
77.14305238
74.34607856
76.49352378
81.2297238
80.3755116
83.02545354
76.72930901
74.9680835
73.18562205
77.07551774
70.98195125
69.57044407
73.48586274
75.07400902
79.55951535
75.4954004
71.18038418
61.0279262
61.43793544
59.74873662
58.53054487
57.98400745
61.02057117
61.14349362
60.4027799
62.04988676
63.02201462
60.57911701
51.6381279
50.47982726
50.26376584
48.44923078
31.00451258
37.53619758
34.40990314
36.44591319
32.90308906
33.55566319
33.72171778
39.10809281
38.07786634
38.37173682
35.57743127
38.74799335
40.47945918
39.17296454
40.18333272
38.86218011
38.86527883
37.26485571
39.11913498
39.28468674
39.36348066
39.88763189
40.34457554
40.69003807
40.65878695
44.40213573
44.67862182
46.3480331
46.40033969
42.2567406
42.32083497
42.49925352
41.22285989
41.08009414
39.64371554
42.67505061
42.75159719
44.34800397
42.67462576
40.80962251
40.99327217
41.87773705
42.99471015
44.81520513
44.71991886
44.67743181
44.73817101
46.09152204
49.14785449
46.71426299
47.77035824
49.46495658
48.24302756
47.4502913
46.76891839
46.01960189
47.30772277
47.83946036
47.26059513
42.35826822
41.73921379
42.07453354
43.09492063
43.94584018
42.85136232
43.180322
43.64307363
45.21331069
45.38744166
44.15623619
42.73037081
44.20824708
44.01859306
42.40567422
42.92720041
42.40909445
43.87184402
44.77653351
44.63286476
47.53927879
45.5742286
48.09439061
45.92983619
47.20063228
47.67443574
47.06672552
46.74401931
46.65916689
46.47144188
46.06926916
46.68358085
43.5007243
44.79370811
45.10382748
44.08452628
43.90896046
43.88244377
44.03235715
43.55636749
42.64627468
43.33734446
43.10925408
44.19498854
44.18814018
42.86283642
42.56430295
43.28090692
41.55555971
41.42753441
41.74396427
41.43354028
41.7367194
41.47185518
41.17315107
42.022161
41.59807417
43.96349344
43.31839824
45.18848834
44.50536579
44.25065708
44.68776645
44.6361016
43.96922127
43.79037518
43.26382876
42.04127172
41.90826796
42.42586604
42.55115984
41.97399396
43.60678894
44.93959428
44.85010616
44.10725971
48.83658687
47.9737565
53.06098609
55.59170361
55.10084313
56.65484898
57.99813709
61.25952428
56.62489887
58.46235403
57.5762049
58.98693149
59.14830096
57.20586739
58.2280473
57.11675755
58.28884584
54.36639176
54.98871841
57.70129953
56.72636038
59.94212336
63.82654319
67.05615974
65.5546467
62.01996748
62.90597185
59.36305725
60.26280162
60.62325901
62.21510014
58.44203904
58.29870188
56.10396322
57.43887536
57.20773813
62.84405999
61.10507626
62.87132547
58.01308316
47.77921576
50.61923173
47.59655932
48.03392459
48.80512463
47.37735843
47.92319498
48.71685458
49.0577262
50.76092894
48.04965938
49.11736295
48.45963302
47.98066974
48.82827525
48.48158639
48.66793903
47.12913921
43.35946406
44.48606646
43.04633579
45.04555043
46.10317338
46.09133224
46.11062817
45.2980506
45.80676129
46.42695676
46.34896359
44.90569601
45.58098359
46.74247722
46.35686363
46.00466502
46.68059602
47.21605408
47.77711898
48.91491036
50.6157066
50.68304102
50.00718207
49.82561271
49.53492964
47.74718763
47.05941925
47.64145838
48.10254703
47.06284438
53.01589059
54.29941045
55.23872728
59.09558573
58.67482091
56.745752
57.81607809
55.74255874
54.76595933
53.83503896
55.59025858
55.58732282
53.81741114
53.81946799
54.50187233
58.6761929
63.13111282
59.14364603
61.05501632
59.36546808
58.23726481
59.51454995
60.36493658
65.45720033
63.77415462
62.2799165
73.50112549
75.84985908
73.6956781
81.68363162
82.58315583
86.41011651
82.7042841
89.03275483
89.20350375
81.87519604
70.88437192
69.13182582
72.69962523
79.21046385
87.57659687
85.43755926
88.87646389
89.10392619
80.00739522
83.11591333
83.54549582
83.61647292
76.73840362
77.41220839
74.82575097
72.07871024
76.71316723
82.02944863
82.3643764
81.41154523
92.79939593
100.9890498
109.3655325
120.4928141
114.6683119
104.9505771
113.6789729
101.8950384
111.5117273
127.0791919
129.4566198
127.5883046
130.0332599
129.0618533
129.4802831
124.6727688
126.2729683
136.9494046
160.2711696
154.8975545
158.6659751
169.0682155
169.6415205
173.2537531
177.4771876
171.0948368
139.0799791
132.6589401
147.3797389
152.1115276
144.1881821
144.2248358
142.4346539
152.1975503
153.3560939
149.9440934
130.0738366
137.1976969
137.7387023
141.4382755
137.4329176
134.7514532
122.9412523
138.2185163
134.9992565
133.4180335
129.5745956
131.9529148
142.4767278
155.6564775
145.1506405
154.8540792
155.669534
151.1075191
167.2139919
181.9874533
182.0627372
184.3871481
197.2343255
226.2858705
214.32499
207.6104366
210.5690248
236.9492551
226.8992929
236.6549131
227.519619
227.2238234
208.1234069
176.9667688
181.3854224
179.1285188
170.4314231
172.102185
164.9831424
175.2096789
177.9743629
188.4583102
181.0399624
180.7063276
182.9906992
190.7712655
191.9400463
203.6415922
200.4497544
201.2736663
220.864526
226.5055113
215.2272849
201.1912047
201.0641596
206.0331443
200.4992244
201.0334005
200.8138389
196.4299004
187.0691114
187.3390755
177.586403
173.0221879
184.2672916
184.8243617
185.0156088
194.4708189
196.6889549
197.5243656
204.0536249
213.1597464
197.1097742
204.0477688
221.6146316
237.5615736
219.8466171
227.0221723
221.7160155
256.9213396
253.1760082
244.7121956
267.232471
279.3411453
286.2806661
309.5566279
304.6470435
273.6451389
261.2803103
261.0678956
258.0594108
253.1047997
241.4578004
224.9218446
223.9871329
247.5782759
259.7909494
258.5770081
255.450584
271.1426598
276.9604196
269.0082893
294.7742617
305.1773888
356.0221291
354.5068246
345.2968844
347.0900243
387.8691785
359.2580865
377.6705319
310.1023827
317.5172012
326.3979272
299.8179602
296.0924449
281.103345
294.6055838
186.8662769
210.9359792
180.5387475
169.6845131
142.8026484
185.0374863
183.9763119
199.2351858
193.9905431
177.3782201
163.8016699
170.6688835
188.1175465
183.0029922
187.410077
193.5490389
178.7062167
173.1466467
176.5393095
162.0489863
160.891316
172.4785775
168.2439771
162.9770323
161.9825954
170.8543969
178.6337278
175.329396
166.6033243
167.2340337
156.5542019
153.0144476
154.9719785
124.5952747
119.6753098
129.060806
134.5962233
125.393433
126.8937924
132.5927004
137.6130962
144.0504502
144.1366368
137.2992736
136.9305836
140.3179977
144.8493334
137.9516682
