4.366759777
4.403520107
4.289539814
3.780019999
3.390439987
3.032269955
3.493129969
3.594219923
3.370870113
3.283620119
3.399399996
3.406529903
3.460380077
3.362809896
3.260890007
3.281009912
2.823990107
2.929739952
2.891419888
3.198649883
3.302050114
3.314850092
3.193259954
3.091909885
3.118520021
3.170130014
3.187750101
3.124109983
3.230700016
3.102799892
3.092129946
3.077460051
2.971390009
2.942140102
2.827790022
2.730530024
2.703310013
2.867470026
2.876840115
2.779139996
2.604059935
2.552730083
2.384380102
2.492840052
2.412169933
2.398509979
2.2692101
2.138999939
2.08581996
2.138859987
2.281640053
2.30479002
2.29817009
2.325959921
2.863430023
2.897599936
3.134500027
2.848309994
2.806420088
2.880800009
3.036839962
2.761229992
2.788219929
3.009160042
2.94968009
2.846849918
2.675159931
2.706860065
2.423019886
2.457779884
2.711159945
2.584759951
2.609250069
2.837120056
2.722759962
2.807480097
2.92843008
2.873670101
2.999340057
3.076349974
3.145109892
2.881299973
2.96239996
2.874279976
2.945780039
2.887229919
2.988110065
2.948559999
2.983150005
2.896929979
2.884860039
2.943279982
2.972609997
3.001009941
2.874109983
2.942250013
2.842430115
3.011019945
2.999069929
2.844089985
2.821609974
2.753619909
2.710740089
2.685139894
2.551310062
2.694299936
2.655489922
2.759690046
2.73526001
2.761970043
2.717230082
2.800709963
2.800489902
2.823869944
2.774499893
2.694109917
2.781599998
2.738770008
2.679100037
2.576539993
2.568300009
2.575129986
2.537009954
2.53508997
2.656480074
2.590630054
2.571589947
2.553539991
2.599529982
2.816610098
2.780250072
2.680969954
2.704790115
2.73210001
2.731209993
2.643690109
2.748950005
2.689810038
2.662400007
2.585410118
2.647300005
2.630480051
2.602590084
2.548579931
2.609560013
2.479330063
2.525429964
2.526720047
2.471839905
2.469899893
2.366760015
2.402149916
2.39180994
2.26631999
2.298629999
2.343130112
2.420480013
1.977699995
2.176949978
2.191859961
2.133339882
2.174420118
2.095010042
1.980880022
1.931300044
2.025320053
2.0682199
2.122479916
2.148940086
2.055239916
1.972100019
1.916839957
1.915979981
1.905220032
1.869379997
1.931540012
1.821020007
1.699630022
2.057310104
2.293200016
2.161299944
2.203969955
2.126919985
2.172139883
2.12974
2.278340101
2.344850063
2.459429979
2.717010021
2.900059938
3.082870007
3.042619944
3.359970093
4.378399849
4.608069897
4.335830212
3.911429882
4.013800144
4.01760006
4.108809948
4.273789883
4.193659782
4.330230236
4.126580238
9.422690392
7.964560032
8.011429787
9.362230301
10.11699963
10.58979988
10.31980038
12.3760004
19.9090004
38.99129868
44.36880112
36.94169998
40.57339859
34.46989822
33.34880066
39.32089996
44.52999878
37.46310043
29.73740005
23.17860031
27.21150017
31.49889946
36.28900146
31.23279953
31.64800072
31.44980049
30.46010017
31.39259911
24.43330002
21.85160065
13.42809963
19.85470009
17.30760002
16.60309982
16.73649979
17.81080055
17.65060043
21.64669991
24.80660057
23.19470024
22.56229973
23.89369965
24.50510025
24.3477993
24.70369911
25.66710091
24.81340027
25.0352993
26.91139984
29.24419975
22.84490013
24.48679924
24.45240021
24.98749924
27.05459976
25.13479996
24.2833004
24.10219955
25.26670074
24.40049934
23.81290054
24.56010056
25.42720032
25.20249939
24.84560013
23.64749908
22.29610062
20.70219994
23.20299911
24.13190079
20.12450027
21.42340088
21.91430092
21.64749908
22.09900093
22.50499916
22.37380028
21.89579964
21.52529907
20.85820007
19.90089989
18.53009987
18.0223999
18.29630089
17.75909996
17.4095993
16.92670059
15.3657999
16.45170021
16.09149933
15.13609982
15.47169971
15.55749989
15.70149994
13.98099995
13.91520023
14.98330021
15.41860008
14.49919987
13.80179977
14.25640011
14.28619957
13.22710037
13.6552
12.77820015
14.28829956
16.99279976
16.37730026
16.48240089
15.85789967
15.40610027
15.98190022
16.00629997
16.10230064
17.16040039
16.99790001
16.60169983
16.89459991
17.34569931
17.29459953
19.45339966
17.16659927
16.40229988
15.63930035
15.71039963
15.29679966
16.22610092
16.2901001
16.28000069
12.66049957
13.90849972
13.44649982
13.14610004
12.77490044
13.09329987
11.26340008
11.06599998
11.00300026
11.17959976
11.6559
11.2105999
11.37989998
11.18760014
8.424590111
10.90499973
10.66479969
10.38669968
11.46350002
13.30230045
13.42249966
12.46049976
12.04559994
12.85499954
12.56050014
12.49680042
12.03859997
12.13739967
12.53530025
10.80760002
10.56070042
9.791000366
10.12250042
10.40320015
10.92730045
11.13119984
10.51679993
10.30080032
10.31130028
10.20510006
10.34140015
10.50909996
10.42280006
10.76179981
10.71720028
10.33810043
10.41870022
10.40579987
10.43309975
10.48279953
10.44069958
10.34729958
10.34329987
10.30389977
10.60340023
10.57919979
10.64640045
11.20849991
11.12310028
11.57830048
11.54679966
11.16230011
11.01270008
10.7816
11.25790024
10.92650032
11.14719963
11.3593998
11.47019958
11.03929996
11.29539967
11.1960001
11.1097002
11.26589966
11.21109962
11.10309982
10.93150043
10.16250038
10.25959969
9.874690056
9.961620331
9.683449745
9.674099922
9.676779747
9.996370316
9.841139793
9.84951973
9.769900322
9.728110313
9.612110138
9.20059967
9.094380379
9.273249626
9.195790291
8.971910477
8.962260246
7.984789848
8.067560196
8.033599854
7.322189808
7.304900169
7.098889828
7.581160069
7.774409771
7.784160137
7.798240185
7.863460064
8.60684967
8.898750305
8.618350029
8.561630249
8.327770233
8.65874958
8.717260361
8.611940384
8.462220192
8.593370438
8.567830086
8.471039772
7.779580116
7.575419903
7.607329845
7.75578022
7.586410046
7.647369862
7.279640198
7.536180019
7.708179951
7.629399776
7.537690163
7.410049915
7.262740135
7.187799931
7.183909893
7.063640118
6.951610088
6.961209774
6.060359955
5.652969837
5.044489861
5.059370041
5.047749996
4.971869946
4.346920013
3.713910103
4.715990067
5.464449883
5.796800137
5.235569954
4.89496994
5.398369789
5.204209805
5.55095005
5.393370152
5.294469833
5.355969906
5.206170082
4.855370045
4.710330009
4.819849968
4.869579792
5.171730042
4.974750042
4.986579895
5.156000137
5.092689991
5.060850143
5.338019848
5.462900162
5.393760204
5.447939873
5.403349876
5.168270111
5.085889816
5.065430164
4.687290192
4.329199791
4.263070107
4.245930195
4.239990234
4.74420023
4.665880203
4.509930134
4.434390068
4.424620152
4.23762989
4.252190113
4.47096014
4.430150032
4.319359779
4.173130035
3.942070007
3.703049898
3.813329935
3.855469942
3.908620119
3.898859978
3.795919895
3.776580095
3.846440077
3.864520073
4.076990128
4.057740211
3.991440058
3.991630077
4.056429863
3.983570099
3.911799908
3.940949917
3.846970081
3.739490032
3.748729944
3.668950081
3.724060059
3.812269926
3.852880001
3.734499931
3.784650087
3.756659985
3.576879978
3.585910082
3.580420017
3.590310097
3.642139912
3.649669886
3.556649923
3.554840088
3.632159948
3.698509932
3.679729939
4.132989883
4.085499763
3.992259979
3.8411901
3.880559921
3.875149965
3.779959917
3.806960106
3.614300013
3.501140118
3.522779942
3.594640017
3.624979973
3.568909883
3.565069914
3.560790062
3.604710102
3.585959911
3.575589895
3.577990055
3.628000021
3.611700058
3.594089985
3.615959883
3.615600109
3.70836997
3.655019999
3.523839951
3.493930101
3.478899956
3.486569881
3.475199938
3.481110096
3.451839924
3.010560036
2.944430113
2.80527997
2.8671
2.914629936
2.860249996
2.887320042
2.87770009
2.735949993
2.700700045
2.779580116
2.719000101
2.733799934
2.696170092
2.703840017
2.724210024
2.697429895
2.666460037
2.110219955
1.958029985
2.084340096
2.118099928
2.115609884
2.010020018
1.969990015
1.653599977
1.717679977
1.710199952
1.549610019
1.153239965
1.27718997
1.397799969
1.296030045
1.328570008
1.340989947
1.323899984
1.374269962
1.412310004
1.430680037
1.842049956
2.245490074
2.074179888
2.09126997
1.876629949
1.914459944
1.896129966
1.878780007
1.812809944
1.874179959
1.820850015
1.794739962
1.740329981
1.759559989
1.786790013
1.785269976
1.733250022
1.760810018
1.730810046
1.755089998
1.822929978
1.940029979
1.844480038
1.794119954
1.856660008
1.825209975
1.842020035
1.848960042
1.84987998
1.803050041
1.813560009
1.830000043
1.808099985
1.801169991
1.849179983
1.845759988
1.892420053
1.942199945
1.956050038
1.924479961
1.920330048
1.893589973
1.913529992
1.892500043
1.944000006
2.008239985
2.023580074
2.042109966
2.004090071
1.994619966
2.021759987
2.034470081
1.982650042
1.74364996
1.763280034
1.766919971
1.745830059
1.799679995
1.775509953
1.654600024
1.672719955
1.691200018
1.682669997
1.704589963
1.656460047
1.669610023
1.651029944
1.666890025
1.67682004
1.699830055
1.682510018
1.70164001
1.685979962
1.668269992
1.619590044
1.585260034
1.522830009
1.458789945
1.471760035
1.375849962
1.375959992
1.383239985
1.421540022
1.409839988
1.409870028
1.38428998
1.408100009
1.432199955
1.455309987
1.458209991
1.420410037
1.399500012
1.321849942
1.382640004
1.362570047
1.360980034
1.442849994
1.407250047
1.419800043
1.434610009
1.414880037
1.406329989
1.389729977
1.454900026
1.480479956
1.448300004
1.438519955
1.438809991
1.443809986
1.450039983
1.447839975
1.454699993
1.446470022
1.453639984
1.446779966
1.45352006
1.460749984
1.479490042
1.83130002
1.78737998
1.833410025
1.802700043
1.816120028
1.847000003
1.840600014
1.830170035
1.812090039
1.638560057
1.616080046
1.67050004
1.686669946
1.669289947
1.761059999
1.75849998
1.731819987
1.784909964
1.796650052
1.759150028
1.789600015
1.802739978
1.860780001
2.002350092
2.018039942
2.896420002
2.890330076
3.09533
2.810199976
3.035190105
3.021450043
3.027770042
2.974230051
2.772779942
2.846740007
2.86142993
3.093580008
3.187730074
3.744119883
4.085999966
3.926640034
4.062329769
4.118319988
4.126900196
4.947000027
5.437069893
5.246779919
6.356450081
7.527009964
4.475769997
4.387509823
5.299920082
4.68283987
4.648960114
4.197480202
3.720789909
3.782989979
4.004380226
3.770319939
3.930530071
3.782979965
3.825540066
3.789459944
4.597760201
4.632549763
4.683129787
4.67001009
5.049620152
4.792620182
4.58220005
4.639080048
4.087379932
4.169469833
4.183420181
4.374330044
4.348999977
4.063340187
4.220990181
3.843389988
3.90079999
3.948740005
4.143340111
3.972270012
3.880690098
4.022490025
3.932029963
3.963320017
3.98368001
3.479650021
3.470809937
3.600229979
3.562560081
3.513279915
3.392580032
2.98477006
2.949690104
2.946140051
2.84239006
2.916160107
2.871560097
2.85323
2.847419977
2.819809914
2.796689987
2.638139963
2.702049971
2.917819977
3.039000034
3.047369957
3.048280001
2.924649954
2.94878006
2.962569952
2.824790001
2.814919949
2.844199896
2.829940081
2.806220055
2.910619974
2.95491004
2.875070095
2.85371995
2.79847002
2.855050087
2.871510029
2.933239937
2.894720078
2.888989925
2.881330013
3.102649927
2.966089964
3.013900042
2.996829987
2.998670101
3.032919884
3.02105999
3.020119905
3.148969889
3.061340094
3.069129944
3.112349987
3.10868001
3.14902997
3.139090061
3.181529999
3.149950027
3.108639956
3.11123991
3.074110031
3.030620098
3.052580118
3.093440056
3.080790043
3.120429993
3.112659931
3.109719992
3.071099997
3.107029915
3.099299908
3.102479935
3.768569946
4.08355999
3.815089941
3.982889891
4.17497015
4.579899788
4.199550152
3.945240021
3.551239967
3.619869947
3.432859898
3.40038991
3.117110014
2.972150087
3.268640041
3.223370075
3.198640108
3.066450119
3.190370083
3.198909998
3.191230059
3.136039972
3.117439985
3.163290024
3.143889904
3.130359888
3.11383009
3.351389885
3.601399899
3.575409889
3.534359932
3.66437006
3.626080036
3.430929899
3.34671998
3.382329941
3.369940042
3.525379896
3.452549934
3.647670031
3.682820082
3.669640064
3.672990084
3.842519999
3.596299887
3.636879921
3.618419886
3.838910103
3.704109907
3.751319885
3.765160084
3.740560055
3.546210051
3.45878005
3.432379961
3.590189934
3.648880005
3.641139984
3.420320034
3.477809906
3.47062993
3.512000084
3.459300041
3.479520082
3.515280008
3.503999949
3.479099989
3.492000103
3.467060089
3.450069904
3.596800089
3.574350119
3.559159994
3.526269913
3.55302
3.489979982
3.470930099
3.464040041
2.965719938
3.087320089
3.019550085
3.047660112
3.014800072
3.384229898
3.231050014
3.082030058
3.113509893
3.187949896
3.125370026
3.159349918
3.292860031
3.138400078
3.118129969
3.096930027
3.073430061
3.088010073
3.086390018
3.057529926
3.171509981
3.149970055
3.109600067
3.09190011
3.076080084
3.088979959
3.11213994
3.092240095
3.118119955
3.147730112
3.232039928
3.202270031
3.227309942
3.245199919
3.260449886
3.268110037
3.459969997
3.465919971
3.488810062
3.403270006
3.386110067
3.369489908
3.428809881
3.414160013
3.441200018
3.448349953
3.434360027
3.363739967
3.321500063
3.251719952
3.191489935
3.221620083
3.271409988
3.250550032
3.277909994
3.286319971
3.391129971
3.289419889
3.309089899
3.30328989
3.307110071
3.311359882
3.307149887
3.170779943
3.181529999
3.205189943
3.200040102
3.233839989
3.245019913
3.227839947
3.227720022
3.231820107
3.302910089
3.261759996
3.22665
3.22548008
3.24574995
3.245899916
3.261450052
3.261300087
3.246040106
3.258519888
3.257009983
3.241909981
3.224020004
3.221859932
3.227449894
3.240139961
3.262949944
3.245739937
3.243210077
3.279850006
3.280050039
3.260370016
3.248899937
3.291749954
3.280930042
3.346790075
3.320780039
3.346359968
3.622859955
3.795589924
4.04861021
3.878859997
3.792069912
3.8134799
3.657500029
3.708709955
3.682110071
3.741839886
3.741810083
3.716130018
3.819519997
3.93640995
3.937629938
4.057970047
3.820329905
3.881340027
3.855269909
3.927279949
4.014090061
4.063079834
4.003640175
3.979799986
4.002439976
3.824929953
3.883519888
3.956589937
3.922930002
3.963880062
3.950809956
4.045259953
4.089419842
4.510950089
4.688729763
4.632639885
4.687600136
4.653289795
4.744649887
4.719580173
4.863190174
4.798429966
4.814459801
4.954820156
4.774290085
4.777880192
4.751999855
4.882339954
5.067299843
5.414649963
5.305180073
5.223100185
5.25304985
5.672430038
5.603990078
5.560369968
5.625189781
5.273550034
4.827529907
3.918139935
3.851830006
4.274600029
4.243010044
4.051529884
4.137750149
4.101689816
4.07738018
4.193490028
4.277770042
4.660930157
4.272689819
4.557789803
4.464459896
4.496560097
4.115670204
4.237390041
4.12157011
4.121180058
4.092189789
4.162829876
4.140979767
4.154459953
4.152709961
4.137720108
4.199389935
4.152750015
4.149990082
4.133190155
4.125780106
4.042600155
4.06374979
4.072619915
4.03718996
3.96491003
3.965759993
3.974790096
4.082660198
4.07957983
4.06291008
3.871690035
3.639430046
3.711970091
3.742010117
3.721159935
3.758680105
3.774509907
3.782840014
3.761759996
3.717410088
3.738460064
3.708669901
3.715709925
3.648289919
3.585030079
3.645109892
3.602799892
3.610980034
3.60800004
3.619410038
3.617419958
3.664419889
3.928809881
3.856489897
3.801919937
3.824939966
3.736079931
3.737659931
3.767519951
3.806070089
3.795629978
3.836750031
3.82701993
3.893100023
4.021540165
3.984240055
3.98913002
3.969449997
3.983710051
3.972219944
3.96852994
3.870340109
3.831799984
3.818809986
3.830049992
3.815370083
3.800280094
3.810199976
4.042620182
3.829360008
3.869210005
3.856509924
3.7651999
3.814719915
3.796010017
3.799989939
3.856839895
3.850579977
3.837830067
3.844500065
3.847759962
3.846290112
3.850150108
3.838910103
3.832119942
3.846390009
3.83852005
3.863970041
3.844680071
3.823210001
3.803999901
3.820440054
3.746449947
3.911989927
3.900360107
3.882570028
3.892240047
3.954149961
3.846179962
3.807970047
3.79027009
3.809689999
3.893719912
3.920200109
3.871330023
3.911420107
3.960269928
4.035870075
3.976510048
4.095950127
4.037079811
3.998600006
4.090809822
4.112979889
3.85571003
3.878509998
3.860280037
3.888329983
3.836970091
3.846029997
3.858540058
3.836410046
3.814369917
3.766180038
3.878890038
3.888829947
3.900460005
4.055570126
3.958620071
3.977370024
3.965739965
3.932120085
3.952199936
3.968869925
3.932110071
3.912909985
3.920609951
3.907919884
3.897739887
3.892509937
3.887809992
3.909450054
3.919219971
3.949599981
3.932359934
3.884439945
3.489049911
3.541079998
3.602780104
3.691090107
3.694890022
3.687969923
3.640729904
3.665499926
3.657259941
3.612890005
3.627150059
3.629869938
3.703890085
3.677210093
3.659859896
3.664520025
3.665610075
3.71585989
4.646490097
4.555449963
4.346539974
4.368569851
4.487569809
4.578859806
4.562489986
4.39233017
4.329120159
4.520450115
4.655879974
4.633749962
4.91437006
4.302400112
3.863389969
3.959120035
3.996979952
4.30092001
4.597159863
3.836709976
3.948479891
3.892580032
3.888780117
3.922039986
3.905699968
3.942250013
3.84190011
3.859179974
3.892570019
3.902479887
3.856129885
3.835269928
3.791330099
3.714440107
3.84010005
3.85352993
3.852440119
3.856230021
4.016499996
4.076039791
4.075150013
4.08163023
4.08450985
4.065110207
4.057980061
4.053480148
4.049739838
4.029650211
3.801090002
3.777220011
3.795870066
3.768229961
3.71529007
3.769180059
3.796760082
3.778379917
3.828000069
3.792579889
3.768650055
3.7636199
3.787580013
3.800040007
3.830919981
3.852220058
3.81588006
3.813430071
3.803689957
3.773060083
3.795289993
3.921289921
3.911910057
3.863100052
3.872240067
3.894040108
3.807579994
3.766390085
3.828279972
3.75880003
3.786600113
3.847440004
4.173810005
4.046860218
4.14730978
4.233170033
4.040520191
3.956500053
3.950479984
4.036369801
3.987349987
3.931740046
3.973069906
4.073470116
4.066150188
4.066390038
4.069680214
4.142370224
4.178909779
7.018730164
6.653160095
6.862919807
7.744619846
8.118430138
8.247280121
11.12310028
10.22350025
9.336039543
9.888790131
8.720999718
8.91162014
8.831009865
10.76439953
10.13090038
10.34210014
10.74549961
10.59570026
10.41889954
10.31379986
9.634750366
10.29150009
11.17660046
13.06529999
13.96399975
14.97869968
15.20590019
14.84360027
14.59309959
14.39700031
15.7031002
15.70810032
15.92269993
15.87520027
21.04450035
23.47120094
26.46680069
28.20149994
30.37240028
28.96439934
33.29809952
32.65710068
30.93129921
27.21890068
29.09000015
28.89450073
25.33760071
23.24239922
25.16539955
28.28709984
27.68129921
27.4762001
26.14150047
25.30349922
32.12170029
34.46900177
30.32509995
23.40309906
24.00740051
24.32489967
25.31889915
24.2935009
25.34390068
28.89730072
29.03630066
27.65029907
28.09000015
30.84070015
30.56870079
28.38129997
30.18729973
29.68449974
30.50090027
33.23049927
29.49160004
30.73900032
30.2154007
30.27910042
36.18389893
47.44219971
46.16199875
50.4090004
47.29520035
47.71879959
47.74779892
47.24670029
44.49069977
44.03699875
41.13130188
40.81600189
42.83010101
41.04299927
40.40409851
38.94919968
41.47850037
46.56259918
55.27489853
53.19549942
51.10150146
46.6393013
52.36370087
49.90879822
46.27420044
45.25590134
48.72340012
46.35919952
42.80530167
38.92100143
41.18920135
42.6230011
44.34740067
40.95539856
45.06850052
45.77299881
46.62820053
44.1595993
44.48289871
42.2879982
42.35319901
42.21620178
40.55889893
41.18450165
40.34030151
43.01929855
43.07490158
42.19300079
42.89350128
43.48600006
46.84500122
45.17169952
45.89810181
48.58670044
48.04940033
46.4048996
47.05059814
46.56869888
45.83229828
45.81349945
43.37189865
44.17879868
43.89720154
47.0542984
45.37620163
46.18980026
47.89519882
46.71360016
52.82440186
50.17229843
51.16579819
51.80479813
61.36339951
62.39459991
63.16379929
64.15820313
70.85610199
85.82990265
78.97989655
76.73210144
65.251297
71.77729797
79.87799835
78.45279694
67.21269989
65.80280304
61.64659882
66.23880005
64.32160187
61.64220047
41.68500137
48.13339996
48.23040009
48.53020096
55.68360138
52.74489975
51.66360092
46.65269852
48.15710068
49.25009918
47.61989975
51.68790054
51.57619858
56.21220016
54.10929871
52.62649918
55.13619995
54.5469017
53.39039993
52.28430176
51.40140152
51.63600159
52.13750076
52.49349976
53.08250046
50.15420151
50.75329971
50.88669968
60.55189896
59.4056015
64.12660217
65.71829987
64.67320251
59.5868988
60.82180023
59.80979919
60.30379868
58.27190018
56.77069855
54.95949936
55.9516983
56.46860123
55.67309952
55.38430023
54.6697998
56.84019852
56.36500168
55.74069977
53.55920029
54.57820129
56.21590042
55.02569962
54.75920105
54.98770142
61.11299896
62.48960114
64.436203
59.34889984
62.30920029
59.17580032
61.64289856
62.77519989
63.8091011
70.4484024
67.40519714
69.51190186
71.41300201
72.19680023
70.18219757
71.97509766
73.14189911
77.90869904
88.93930054
85.88970184
91.72399902
96.01249695
86.24669647
88.00350189
98.9414978
100.1949997
101.3960037
104.2770004
102.4779968
99.98410034
98.32810211
127.4789963
155.6269989
148.2579956
212.4640045
315.3619995
301.197998
280.9679871
299.3370056
301.7839966
318.9530029
359.125
349.6040039
314.6600037
319.2569885
269.2669983
291.0079956
277.493988
273.1080017
286.5889893
272.1260071
250.352005
245.0870056
216.9750061
231.6660004
